0.082970
0.020027
0.018001
0.018001
0.017047
0.017047
0.016093
0.015974
0.017047
0.015974
0.017047
0.016093
0.016928
0.016093
0.020027
0.015974
0.016093
0.019073
0.020027
0.020981
0.018001
0.016928
0.017047
0.024080
0.023007
0.024080
0.023007
0.022054
0.023007
0.021935
0.023961
0.021935
0.022054
0.040054
0.022054
0.022054
0.021935
0.021935
0.023007
0.021935
0.022054
0.021935
0.023961
0.021935
0.021935
0.021935
0.023007
0.023007
0.023007
0.022054
0.023007
0.021935
0.023007
0.021935
0.021935
0.022054
0.023007
0.021935
0.020981
0.021935
0.023007
0.029922
0.023961
0.023007
0.022054
0.021935
0.021935
0.024080
0.021935
0.023007
0.021935
0.021935
0.022054
0.024080
0.021935
0.022054
0.023007
0.021935
0.023961
0.023007
0.023007
0.023961
0.038028
0.021935
0.022054
0.023007
0.022054
0.022054
0.022054
0.019073
0.018001
0.018001
0.017047
0.018001
0.018001
0.016928
0.017047
0.017047
0.017047
0.018001
0.018001
0.017047
0.015974
0.017047
0.016928
0.016928
0.017047
0.017047
0.018001
0.018001
0.017047
0.016928
0.017047
0.033975
0.018001
0.017047
0.015974
0.017047
0.018001
0.017047
0.015974
0.017047
0.016093
0.016928
0.017047
0.016928
0.016928
0.015974
0.019073
0.017047
0.016928
0.016928
0.034928
0.016928
0.020981
0.016928
0.016928
0.015974
0.017047
0.022054
0.030041
0.018001
0.017047
0.017047
0.016928
0.018954
0.016928
0.015974
0.015974
0.016093
0.020027
0.018001
0.017047
0.019073
0.016928
0.016928
0.017047
0.020981
0.018001
0.017047
0.017047
0.017047
0.017047
0.015974
0.015974
0.015974
0.017047
0.017047
0.015974
0.016093
0.015974
0.018001
0.017047
0.019908
0.017047
0.018001
0.016928
0.016093
0.015974
0.014901
0.015974
0.015974
0.018954
0.015974
0.020027
0.017047
0.018001
0.017047
0.018001
0.017047
0.016093
0.016928
0.015974
0.015974
0.015974
0.017047
0.015974
0.017047
0.015974
0.017047
0.017047
0.017047
0.015974
0.015974
0.020027
0.018001
0.016928
0.016928
0.016093
0.018954
0.018001
0.017047
0.016928
0.015020
0.017047
0.015974
0.015974
0.015974
0.015974
0.016093
0.020027
0.018001
0.018001
0.018001
0.018001
0.017047
0.020027
0.018001
0.017047
0.017047
0.017047
0.017047
0.016093
0.019908
0.016928
0.023007
0.018001
0.016928
0.023007
0.017047
0.017047
0.020027
0.019073
0.019073
0.018001
0.018001
0.017047
0.016928
0.018001
0.018001
0.017047
0.020027
0.018001
0.020027
0.020027
0.018001
0.016928
0.017047
0.018001
0.020027
0.018001
0.017047
0.020027
0.020027
0.019073
0.018001
0.020981
0.029922
0.018001
0.017047
0.020027
0.015974
0.017047
0.017047
0.016928
0.020981
0.019908
0.016928
0.019908
0.017047
0.015974
0.019073
0.016928
0.017047
0.015974
0.016928
0.016928
0.015974
0.015974
0.016093
0.016093
0.015974
0.015974
0.030994
0.019073
0.019073
0.018954
0.017047
0.018001
0.017047
0.015974
0.104904
0.023007
0.018001
0.017047
0.020027
0.016928
0.020027
0.015974
0.019908
0.020027
0.015974
0.015974
0.015974
0.017047
0.016928
0.015974
0.015974
0.016093
0.017047
0.022054
0.020981
0.018954
0.018954
0.018001
0.018001
0.017047
0.017047
0.017047
0.018001
0.018001
0.025988
0.019073
0.018001
0.021100
0.020027
0.018001
0.020027
0.018001
0.016928
0.016928
0.020027
0.020027
0.020027
0.018954
0.020027
0.018954
0.020027
0.019908
0.018954
0.020027
0.020027
0.018954
0.020027
0.018001
0.020027
0.020027
0.020027
0.020027
0.019073
0.019073
0.020027
0.020027
0.020027
0.019073
0.020027
0.022054
0.019073
0.020027
0.020027
0.020027
0.019908
0.019908
0.020027
0.020027
0.020027
0.020027
0.020027
0.018954
0.020027
0.020027
0.019073
0.020027
0.020027
0.019073
0.048041
0.020027
0.020027
0.018001
0.065923
0.018001
0.023961
0.018001
0.016928
0.018001
0.018001
0.018001
0.018001
0.018001
0.016928
0.017047
0.018001
0.018954
0.017047
0.016928
0.016928
0.018001
0.018001
0.016928
0.017047
0.017047
0.018001
0.016928
0.018001
0.016928
0.017047
0.017047
0.018001
0.017047
0.016928
0.016928
0.018954
0.017047
0.016928
0.017047
0.018001
0.016928
0.018001
0.016928
0.018001
0.018001
0.018001
0.017047
0.017047
0.028968
0.018001
0.017047
0.018001
0.016928
0.018001
0.017047
0.016928
0.016928
0.018001
0.016928
0.016928
0.018001
0.017047
0.017047
0.018001
0.018001
0.018001
0.016928
0.018001
0.018001
0.016928
0.020981
0.033021
0.025034
0.020981
0.020027
0.018954
0.019073
0.020027
0.019908
0.019073
0.018954
0.019073
0.020027
0.019073
0.020027
0.019908
0.019908
0.019073
0.019908
0.020027
0.018954
0.023961
0.020027
0.018954
0.019073
0.020027
0.020027
0.020027
0.018954
0.019908
0.018954
0.020027
0.019073
0.020027
0.020027
0.019908
0.020027
0.018954
0.020027
0.020027
0.020027
0.020027
0.019073
0.018954
0.019073
0.019908
0.020027
0.018954
0.019073
0.020027
0.020027
0.018954
0.018954
0.018954
0.018954
0.020027
0.019908
0.020027
0.018954
0.020027
0.018954
0.020027
0.018954
0.018954
0.020027
0.019073
0.018001
0.019073
0.019073
0.018954
0.019073
0.018954
0.018954
0.020027
0.020027
0.020027
0.020027
0.019073
0.020027
0.019073
0.019908
0.020981
0.022054
0.016928
0.021100
0.018001
0.019908
0.020981
0.017047
0.016928
0.016928
0.015974
0.016928
0.015974
0.015974
0.015974
0.015974
0.015974
0.018001
0.015974
0.017047
0.015974
0.016928
0.016093
0.015974
0.015974
0.017047
0.015974
0.017047
0.015974
0.015974
0.025988
0.025034
0.019908
0.020027
0.023007
0.022054
0.018954
0.021935
0.018954
0.018001
0.022054
0.017047
0.020981
0.018001
0.020027
0.022054
0.020027
0.019908
0.020981
0.020981
0.019073
0.018001
0.018001
0.019073
0.025034
0.023961
0.024915
0.023961
0.023961
0.025988
0.023961
0.025034
0.020027
0.018001
0.017047
0.102043
0.018954
0.016928
0.016928
0.016928
0.019073
0.020027
0.017047
0.020027
0.028014
0.020981
0.018001
0.018954
0.021100
0.018001
0.021100
0.018001
0.017047
0.018001
0.018001
0.018001
0.016928
0.018001
0.017047
0.018954
0.018001
0.018001
0.018001
0.018954
0.019073
0.019073
0.018001
0.018001
0.034094
0.018001
0.018001
0.016928
0.018001
0.018001
0.017047
0.018001
0.017047
0.018001
0.018001
0.018001
0.018001
0.018001
0.018001
0.018001
0.019073
0.018001
0.016928
0.017047
0.016928
0.018001
0.017047
0.018001
0.016928
0.017047
0.016928
0.016928
0.016928
0.017047
0.017047
0.018001
0.016928
0.028968
0.020027
0.021100
0.019908
0.018001
0.018001
0.017047
0.016928
0.018001
0.026941
0.024915
0.024915
0.023961
0.023007
0.024080
0.023007
0.023961
0.023007
0.023007
0.022054
0.023961
0.023007
0.024080
0.023007
0.023961
0.024080
0.023961
0.023961
0.023961
0.023007
0.023007
0.023961
0.024080
0.023007
0.024080
0.023961
0.023007
0.023961
0.023007
0.023007
0.023007
0.023007
0.023007
0.023007
0.023007
0.025034
0.023961
0.024080
0.022888
0.023961
0.023007
0.023961
0.022054
0.023007
0.023007
0.023007
0.023007
0.023007
0.041962
0.023007
0.023961
0.023007
0.023007
0.023007
0.023007
0.023007
0.021935
0.023007
0.023007
0.023961
0.023007
0.023007
0.023961
0.023007
0.023007
0.023961
0.023007
0.023007
0.023007
0.023007
0.022888
0.023007
0.023007
0.020981
0.019908
0.018954
0.018954
0.018954
0.019908
0.020027
0.023007
0.018954
0.018001
0.019073
0.018001
0.018001
0.018001
0.016928
0.017047
0.018001
0.018001
0.017047
0.018001
0.018001
0.018001
0.017047
0.018001
0.017047
0.016928
0.018001
0.018954
0.018001
0.018001
0.018954
0.018001
0.020981
0.018001
0.021100
0.018001
0.020981
0.018001
0.017047
0.020027
0.017047
0.016928
0.017047
0.017047
0.030994
0.018954
0.018001
0.017047
0.016928
0.017047
0.017047
0.020981
0.019908
0.020981
0.020981
0.020981
0.018001
0.020027
0.019908
0.020027
0.020027
0.020027
0.020027
0.020027
0.020027
0.016928
0.021100
0.020027
0.019908
0.020027
0.021100
0.028014
0.018001
0.041008
0.020027
0.020981
0.019908
0.020027
0.018954
0.020027
0.020027
0.023007
0.019073
0.020027
0.020027
0.020027
0.020027
0.020027
0.018954
0.018954
0.019908
0.020027
0.020027
0.018954
0.020027
0.020027
0.020027
0.020027
0.020027
0.019908
0.020027
0.020981
0.018001
0.018001
0.017047
0.018001
0.018001
0.017047
0.018001
0.017047
0.017047
0.017047
0.017047
0.016928
0.016928
0.016928
0.017047
0.016928
0.020981
0.020027
0.018001
0.018001
0.017047
0.019908
0.017047
0.017047
0.016928
0.017047
0.020027
0.018001
0.016928
0.036001
0.020027
0.017047
0.020981
0.018001
0.019073
0.020027
0.020027
0.016928
0.018001
0.020027
0.016928
0.016928
0.015974
0.017047
0.020027
0.017047
0.019908
0.016928
0.020981
0.018001
0.194073
0.019073
0.016928
0.017047
0.017047
0.015974
0.015974
0.016928
0.016093
0.018001
0.020981
0.019073
0.041962
0.016928
0.018001
0.018001
0.017047
0.017047
0.018001
0.017047
0.020981
0.018001
0.017047
0.017047
0.017047
0.018001
0.019073
0.018954
0.018001
0.017047
0.017047
0.020981
0.019073
0.018954
0.016928
0.017047
0.018001
0.018001
0.020027
0.020981
0.020027
0.018001
0.016928
0.018001
0.020981
0.030041
0.018001
0.018001
0.015974
0.017047
0.016093
0.017047
0.016093
0.016928
0.015020
0.015974
0.017047
0.015974
0.016928
0.015974
0.015974
0.015974
0.020027
0.017047
0.017047
0.016093
0.017047
0.017047
0.019908
0.017047
0.019908
0.015974
0.015974
0.018954
0.015974
0.015974
0.019073
0.015974
0.020981
0.018001
0.018001
0.018001
0.017047
0.016928
0.016928
0.017047
0.018001
0.016928
0.018001
0.017047
0.018001
0.020027
0.018954
0.016928
0.018001
0.017047
0.018001
0.018001
0.018001
0.016928
0.016928
0.015020
0.016093
0.015974
0.015974
0.017047
0.016093
0.015974
0.017047
0.015974
0.015974
0.015974
0.015974
0.019073
0.020027
0.022054
0.017047
0.015974
0.017047
0.018954
0.016928
0.017047
0.018001
0.017047
0.017047
0.014901
0.016928
0.028014
0.030041
0.019908
0.018954
0.020027
0.018954
0.018954
0.018954
0.022054
0.028968
0.028968
0.018954
0.018001
0.018954
0.018001
0.025988
0.023007
0.020981
0.020027
0.020027
0.020027
0.020027
0.015974
0.025034
0.022054
0.020981
0.017047
0.020981
0.018001
0.019908
0.018954
0.016928
0.018001
0.018001
0.018001
0.025988
0.018001
0.023007
0.020027
0.017047
0.015974
0.016093
0.017047
0.018954
0.020027
0.016928
0.015974
0.020027
0.016928
0.016928
0.018954
0.015974
0.015974
0.020027
0.022054
0.027061
0.038028
0.023961
0.023961
0.023007
0.023007
0.025034
0.023007
0.023007
0.023007
0.023961
0.018001
0.018001
0.024080
0.018001
0.018954
0.025988
0.023961
0.023961
0.023961
0.024080
0.023961
0.023007
0.022888
0.021935
0.023007
0.023007
0.022054
0.022054
0.023007
0.024080
0.023007
0.023007
0.023961
0.023007
0.022888
0.023007
0.023007
0.023007
0.023007
0.022888
0.021935
0.023007
0.021935
0.023007
0.022054
0.023007
0.020027
0.018001
0.018001
0.016928
0.017047
0.016928
0.017047
0.016928
0.020027
0.018001
0.018001
0.015974
0.015974
0.020027
0.018954
0.018954
0.027061
0.029087
0.030041
0.020981
0.018954
0.026941
0.028014
0.033975
0.027895
0.025988
0.024915
0.028014
0.028968
0.030041
0.025988
0.025034
0.023961
0.021935
0.020027
0.021100
0.019908
0.018001
0.018001
0.020027
0.018001
0.020981
0.018001
0.017047
0.016928
0.018001
0.016928
0.016928
0.017047
0.016928
0.016928
0.018001
0.017047
0.017047
0.018001
0.018001
0.017047
0.018001
0.019073
0.018001
0.018001
0.017047
0.016928
0.018001
0.018001
0.020027
0.020981
0.018001
0.016093
0.020027
0.015974
0.020027
0.123024
0.030041
0.025034
0.025034
0.024080
0.023007
0.024080
0.026107
0.023007
0.022054
0.023007
0.020981
0.022054
0.023007
0.023007
0.021100
0.023007
0.023007
0.022054
0.021935
0.023007
0.020981
0.023007
0.021935
0.023007
0.020981
0.021935
0.022054
0.023007
0.023007
0.028014
0.028014
0.028014
0.027061
0.024915
0.029922
0.028014
0.027061
0.023961
0.023007
0.030994
0.030041
0.030041
0.033021
0.028968
0.020981
0.020981
0.020027
0.020027
0.020027
0.020027
0.019908
0.020027
0.020027
0.021935
0.023961
0.023007
0.022054
0.020981
0.020027
0.020027
0.020027
0.020981
0.023007
0.020027
0.021935
0.020027
0.020981
0.023007
0.023007
0.029922
0.025034
0.030994
0.028968
0.023961
0.023007
0.023961
0.023961
0.021935
0.023961
0.021100
0.023007
0.023007
0.020981
0.023007
0.025988
0.027895
0.026941
0.021100
0.024080
0.029922
0.026941
0.028014
0.034094
0.031948
0.032067
0.049949
0.030041
0.032067
0.030994
0.032067
0.030994
0.028968
0.029922
0.030041
0.030994
0.030994
0.030994
0.030041
0.031948
0.029922
0.030994
0.028014
0.046968
0.028014
0.030994
0.030994
0.030041
0.030994
0.030994
0.031948
0.030994
0.030994
0.030994
0.028014
0.030994
0.033021
0.029922
0.030994
0.026941
0.033021
0.030041
0.029922
0.023961
0.023961
0.023961
0.020027
0.023961
0.028968
0.023961
0.023961
0.020981
0.020981
0.030994
0.030994
0.030994
0.029922
0.030041
0.030994
0.030994
0.031114
0.030994
0.029922
0.030994
0.023961
0.025988
0.028968
0.030041
0.035048
0.033021
0.033021
0.029922
0.048995
0.036001
0.029922
0.036001
0.024080
0.025034
0.032067
0.054002
0.048041
0.036001
0.021935
0.025988
0.028014
0.025034
0.025034
0.034094
0.030041
0.025034
0.028014
0.031948
0.026107
0.029087
0.022054
0.030994
0.032067
0.032067
0.034928
0.029087
0.039101
0.024915
0.028014
0.033021
0.025034
0.033021
0.033975
0.025034
0.030994
0.031114
0.024915
0.029087
0.028014
0.033975
0.032902
0.027061
0.025034
0.035048
0.028014
0.043035
0.023007
0.025034
0.024080
0.025034
0.033021
0.034928
0.030994
0.030994
0.028014
0.089049
0.029087
0.031948
0.041008
0.030994
0.034094
0.034094
0.030994
0.033975
0.036001
0.030994
0.029922
0.028968
0.030994
0.030041
0.030994
0.028968
0.030994
0.030041
0.035048
0.031948
0.030994
0.029922
0.040054
0.028014
0.030041
0.066996
0.025988
0.033021
0.028968
0.030994
0.033021
0.019073
0.022054
0.024915
0.026941
0.028014
0.023961
0.030994
0.028968
0.025988
0.028968
0.033975
0.033021
0.033021
0.033975
0.024080
0.027061
0.030994
0.033975
0.031948
0.031948
0.026941
0.025988
0.036001
0.030041
0.030041
0.032067
0.029087
0.033975
0.028968
0.041962
0.024915
0.021935
0.028014
0.037074
0.028014
0.028968
0.023961
0.030994
0.031948
0.031114
0.031948
0.033021
0.028014
0.030994
0.024080
0.023961
0.023961
0.026941
0.033975
0.023961
1.098990
0.136018
0.136018
0.136018
0.133991
0.135064
0.133991
0.141978
0.137925
0.150919
0.144005
0.139952
0.141978
0.141025
0.140905
0.139952
0.135899
0.131965
0.128984
0.138998
0.128984
0.138044
0.136018
0.130057
0.238061
0.262022
0.262022
0.135064
0.136018
0.263929
0.207067
0.135064
0.262976
0.275970
0.269055
0.251055
0.270009
0.276923
0.298023
0.270963
0.276923
0.272036
0.272989
0.258088
0.264049
0.134945
0.131965
0.133991
0.138044
0.134945
0.183940
0.172973
0.164032
0.161886
0.163078
0.165105
0.162959
0.162005
0.164032
0.165105
0.174046
0.166059
0.160933
0.150084
0.201941
0.167966
0.153065
0.194073
0.156045
0.144005
0.147939
0.159979
0.149012
0.149012
0.159979
0.149012
0.144005
0.147104
0.157952
0.158072
0.159025
0.165939
0.164032
0.156045
0.182986
0.156045
0.159025
0.164986
0.147104
0.143051
0.149965
0.194073
0.148058
0.141978
0.143051
0.144958
0.144005
0.140071
0.146985
0.140905
0.151992
0.164986
0.133991
0.128984
0.126004
0.131965
0.142932
0.147104
0.159025
0.159979
0.157952
0.159979
0.154018
0.158072
0.163913
0.166059
0.163913
0.159025
0.159025
0.172973
0.212073
0.144005
0.144005
0.149965
0.149012
0.146985
0.146985
0.146031
0.149012
0.176072
0.147939
0.179052
0.149965
0.149012
0.150084
0.149965
0.149012
0.151038
0.149965
0.142097
0.254989
0.232935
0.238061
0.141978
0.148892
0.141025
0.138998
0.132918
0.131965
0.128031
0.134110
0.146985
0.145078
0.144005
0.141978
0.139952
0.144005
0.146985
0.134945
0.176072
0.167012
0.151992
0.151992
0.150919
0.156999
0.191927
0.141025
0.154972
0.131965
0.149012
0.149012
0.150084
0.148058
0.150919
0.176907
0.128031
0.141025
0.141978
0.131965
0.132084
0.137091
0.131011
0.131011
0.146985
0.131011
0.172019
0.133038
0.141025
0.136971
0.131965
0.131965
0.134945
0.131965
0.131965
0.128031
0.132084
0.142932
0.131011
0.129938
0.130057
0.129938
0.130057
0.129104
0.128984
0.131011
0.128984
0.138044
0.153899
0.131011
0.131965
0.146985
0.131965
0.130057
0.133038
0.129938
0.126004
0.138044
0.131965
0.131011
0.130057
0.130892
0.128984
0.128984
0.126958
0.211000
0.130057
0.138998
0.131011
0.137925
0.128984
0.131011
0.156045
0.131011
0.138044
0.147939
0.136971
0.125051
0.126004
0.129938
0.131011
0.128984
0.138044
0.150919
0.156045
0.137925
0.151992
0.154972
0.148058
0.149965
0.156045
0.180006
0.131011
0.162005
0.142932
0.140071
0.133991
0.131011
0.141025
0.130057
0.154018
0.137925
0.133038
0.128984
0.131011
0.137925
0.137925
0.128984
0.140905
0.128984
0.138998
0.165939
0.138998
0.131965
0.139952
0.129938
0.138044
0.149012
0.159979
0.129938
0.164986
0.136018
0.138998
0.130057
0.136971
0.138044
0.138998
0.130057
0.131965
0.129938
0.164986
0.131011
0.131965
0.129938
0.128984
0.131011
0.190020
0.194073
0.216007
0.190020
0.187993
0.277042
13.710976
2.264023
1.198053
1.309991
1.329064
2.128005
1.314998
1.231909
1.242042
1.273036
1.240015
1.303077
1.207113
1.221061
1.320004
1.342058
1.293898
1.274943
1.321912
1.209021
1.214981
1.213908
1.209974
1.307011
1.214981
1.204014
2.277017
2.256989
2.246976
2.261996
2.275944
2.272964
1.209974
1.276016
1.185060
1.204014
1.230955
1.202941
1.196027
1.193047
1.254082
1.196980
1.191974
1.176953
1.227021
1.195073
1.222968
1.299977
1.193047
2.290010
2.271056
2.294064
2.304912
2.297044
2.333045
2.333999
2.320051
2.313972
2.332926
2.296090
2.277970
2.346039
2.321959
2.305984
2.315998
2.318978
2.314091
2.264977
2.297997
2.274990
2.344012
1.924992
2.099991
1.803041
1.188040
1.199007
1.181006
1.289010
1.363993
1.312017
1.302004
2.293944
2.272010
2.291083
2.294898
2.292991
2.277970
2.255917
1.235008
1.214981
1.247048
1.235008
1.258016
1.234055
1.223087
1.227975
1.237988
1.245975
1.370072
1.350999
1.333952
1.294971
1.316905
1.448035
1.317978
1.338005
1.214981
1.199007
1.316905
1.304030
1.356006
1.394033
1.320958
1.305103
1.319051
1.301050
1.300931
1.305938
1.309991
1.232982
1.217961
1.217961
1.211047
1.270056
1.203060
2.281070
1.540065
1.293063
1.196027
1.191974
1.230955
1.327991
1.197934
1.263976
1.217008
1.267910
1.252055
1.240015
1.397967
1.224995
1.240969
240.859985
1.235962
1.244903
1.211047
1.225948
1.253963
1.205921
1.219034
1.198053
1.173973
1.173973
1.228929
1.266003
1.222968
1.186967
1.237988
1.217008
1.196980
1.226068
1.240015
1.206994
1.219034
1.261950
1.277924
1.215100
1.197934
1.227021
1.286983
1.246929
1.499057
1.607060
1.275063
1.969934
1.572967
1.292944
2.077937
2.171993
2.134919
2.097964
1.986027
2.122998
2.118945
2.156019
5.591035
1.612067
1.404047
2.057076
1.363039
1.300097
1.350999
1.283050
2.218008
1.531005
2.277970
1.428008
1.848936
1.981020
2.254009
1.353025
1.715899
1.299024
1.292944
1.377940
2.122998
2.101898
2.084970
1.506925
1.426101
1.229048
1.296043
1.516938
1.262903
1.309991
1.376987
1.384020
2.342939
1.549959
1.428008
2.239943
2.205014
2.259970
2.269030
2.177000
2.103925
2.276063
227.159023
2.333045
1.206040
1.196980
1.217008
1.664042
1.219034
1.250029
1.194000
1.213908
1.224995
1.250029
1.200914
1.216054
1.211047
1.227021
1.230955
1.237988
1.218081
1.309037
1.240969
1.187921
1.194000
1.745939
1.224995
1.224995
1.201987
1.191974
1.186967
1.204014
1.222014
1.258969
1.227975
1.220942
1.920938
2.337098
1.530051
1.204967
1.204014
1.260996
1.179934
1.230001
1.260042
1.199961
1.258016
1.212001
1.248002
1.219988
1.248002
1.319051
1.249075
1.242042
1.239896
1.221061
1.222968
1.248956
1.256943
1.296043
1.251936
1.227021
1.275063
1.244068
1.226068
1.228929
1.220942
1.221061
1.261115
1.302958
1.262903
1.242042
1.218081
1.201034
1.197934
1.231074
1.228929
272.534966
23.110986
21.939993
35.300970
33.277035
21.366000
20.835042
818.094015
23.867965
22.153974
22.372007
24.860978
22.977948
25.973082
25.076985
32.796025
345.294952
22.935033
23.437023
32.755017
23.340940
22.870898
23.030043
23.232937
23.120046
288.648009
23.319960
29.501915
30.979037
30.240893
29.540062
29.666066
29.669046
178.120971
29.675007
29.709935
29.606938
29.256940
29.721975
31.525016
39.070010
28.927922
399.019003
34.916997
30.371070
29.542923
29.909015
40.210009
29.439926
29.767990
469.236016
29.801965
29.335022
28.931975
25.897026
32.546997
21.579981
23.969889
24.916053
300.009012
28.185964
29.726028
28.406978
29.314041
28.252959
34.931064
27.137041
176.479101
42.493939
41.243076
38.766026
41.152000
40.460944
30.907989
43.051004
41.857004
321.269989
21.541953
31.072021
31.641960
22.593975
21.945000
32.272935
38.834095
259.629965
30.241966
31.106949
31.788945
28.509021
36.654949
22.209048
23.057938
24.609089
334.904075
25.631070
26.088953
22.782922
21.382093
22.686005
21.975994
21.348953
22.157073
395.396948
39.116025
22.318006
33.648968
28.884053
38.790107
22.847056
30.117989
398.857117
29.492021
29.465079
29.689908
29.351950
30.056000
29.201984
29.685974
29.461026
296.770096
29.136896
29.639006
39.072990
39.605021
29.821038
29.548049
42.542934
267.711997
27.160048
38.905978
22.714019
22.551060
22.400022
32.790065
24.387956
33.068061
304.618001
22.985935
30.740976
23.223996
23.000002
33.335924
23.461938
24.745941
344.834924
23.608088
28.936028
21.806955
21.906018
28.715014
29.675961
34.286022
31.477928
232.766986
32.294989
31.854987
32.265067
32.303929
42.859077
35.078049
40.998936
302.763104
32.508016
22.179008
22.046089
23.020983
22.465944
21.487951
22.838950
22.174001
204.511046
29.582977
29.368043
30.162096
30.068994
29.451013
29.716969
29.457092
29.564023
414.441943
29.567957
29.337049
28.972030
29.556990
29.155016
30.238032
29.343963
309.122920
23.419023
23.163915
26.049018
22.019029
21.812916
21.284938
25.578022
23.206115
369.345069
22.357941
21.909952
21.793008
21.605015
23.188949
21.757007
21.896005
309.461951
27.915955
24.518967
21.777034
36.612988
21.365047
23.449898
22.266984
22.560000
348.078966
30.061960
29.330015
29.456019
29.525042
29.522896
28.786063
29.569030
242.781997
29.518008
29.939055
28.833032
29.345989
29.157043
25.972962
32.097936
31.987071
153.776050
21.219015
21.668077
22.112966
22.116065
22.523999
21.770000
22.861004
436.352968
26.979923
22.867918
23.295045
23.045063
34.497976
33.060074
33.339024
22.138000
168.202996
38.742065
21.738052
29.899001
30.008912
31.708002
33.115029
32.861948
32.566071
408.746958
32.073021
43.058991
32.034993
37.217021
32.441020
33.270001
32.410979
296.418071
30.305028
32.652020
22.101045
22.819042
23.002028
21.332979
22.204995
24.999022
343.053937
22.423983
21.519065
22.155046
32.024026
22.814989
32.318950
22.306919
322.782040
28.496981
32.768011
29.221058
32.687068
27.236938
32.449961
28.769016
34.143925
353.083014
29.566050
32.763958
32.552958
32.232046
32.281041
32.255054
32.320023
215.556979
43.260932
23.098946
25.757909
2.351999
2.338052
2.365947
2.398014
2.400994
2.388954
2.380013
2.340078
2.332926
2.379060
2.366900
2.370000
2.375960
2.347946
2.339005
2.393961
2.359986
2.388000
2.372980
2.388000
2.366066
2.362013
2.401948
2.387047
2.367973
2.412915
2.390981
2.390981
2.348065
2.336979
2.394915
2.409935
2.377033
2.380013
2.386928
2.362013
2.351999
2.475977
2.478004
2.394080
2.382040
2.386928
2.375007
2.356887
2.371073
2.343059
2.388954
2.402067
2.408981
2.380013
2.353907
2.354980
2.349019
2.380013
2.550006
2.373934
2.357006
2.386093
2.332926
2.339959
2.403975
2.370000
2.392054
2.384067
2.340913
2.346039
2.338052
2.331972
2.339959
2.371073
2.398968
2.370000
2.395988
2.380013
2.362013
2.376080
2.336979
2.601981
2.386093
2.385020
2.398014
2.362967
2.351999
2.366900
2.388954
2.418995
2.395988
2.383947
2.349973
2.354980
2.358913
2.370000
2.412081
2.404094
2.439976
2.400994
2.374053
2.431035
2.354980
2.382994
2.390027
2.400994
2.382994
2.400041
2.421021
2.364039
2.354980
2.378941
2.407908
2.406001
2.396941
2.395988
2.379060
2.373099
2.372026
2.357960
2.399087
2.390027
2.390981
2.404094
2.364039
2.379060
2.426028
2.372980
2.390981
2.403021
2.371073
2.400994
2.403021
2.359033
2.428055
2.365947
2.421975
2.436996
2.389073
2.344966
2.358913
2.382994
2.416968
2.378941
2.430081
2.439976
2.392054
2.363086
2.346992
2.344012
2.360940
2.405047
2.414942
2.381921
2.370000
2.349019
2.411962
2.410889
2.485991
2.387047
2.346039
2.357006
2.388000
2.400041
2.449036
2.429008
2.383947
2.420068
2.550960
2.526045
2.423048
2.354980
2.383947
2.372026
2.409935
2.390027
2.374053
2.430081
2.357006
2.388000
2.337933
2.370954
2.390981
2.373099
2.383947
2.394915
2.382040
2.331972
2.436996
2.370000
2.333999
2.478004
2.371907
2.398014
2.381921
2.377033
2.389073
2.361894
2.338052
2.350926
2.387047
2.383947
2.375007
2.410054
2.382040
2.385974
2.382040
2.387047
2.398968
2.357960
2.383947
2.423048
2.408028
2.390027
2.386928
2.390027
2.355933
2.357006
2.366066
2.373934
2.398968
2.388954
2.408028
2.378941
2.370000
2.356052
2.333999
2.331972
2.343059
2.349019
2.376080
2.447009
2.382994
2.380967
2.379060
2.336979
2.328992
2.331018
2.364039
2.395034
2.436996
2.372026
2.372026
2.364993
2.400994
2.421975
2.338052
2.369046
2.377033
2.372980
2.380967
2.389908
2.395034
2.468944
2.359986
2.381086
2.496958
2.375007
2.379060
2.385974
2.380013
2.363086
2.383947
2.333999
2.333999
2.349019
2.375007
2.416015
2.369046
2.366066
2.370000
2.368927
2.388000
2.352953
2.363920
2.400994
2.380013
2.394080
2.372026
2.371073
2.337098
2.324939
2.346039
2.357006
2.380967
2.383947
2.369046
2.364993
2.375007
2.344012
2.336979
2.357006
2.367973
2.372026
2.357960
2.405047
2.411962
2.387047
2.334952
2.330065
2.343059
2.417088
2.367020
2.382994
25.475979
2.379060
2.359986
2.879024
2.352953
2.332926
2.368927
2.339005
2.337933
2.340078
2.358913
2.382994
2.370954
2.363086
2.356052
2.360940
2.388954
2.400994
2.397060
2.390981
2.380013
2.357006
2.362967
2.363086
2.377033
2.369046
2.357960
2.365947
2.431989
2.372980
2.403975
2.395034
2.384901
2.388000
2.380013
2.403021
2.394915
2.382040
2.336025
2.330065
2.326965
2.329946
2.329946
2.374053
2.353907
2.359986
2.363920
2.406001
2.395988
2.370000
2.364039
2.349019
2.367020
2.358079
2.425075
2.343059
2.342939
2.341032
2.374053
2.457023
2.387047
2.387047
2.377033
2.380967
2.373934
2.400994
2.536058
2.375960
2.339005
2.339005
2.357006
2.337933
2.359986
2.359033
2.344966
2.366066
2.377987
2.378941
2.411008
2.387047
2.403021
2.393961
2.372980
2.379060
2.364039
2.352953
2.397060
2.331972
2.349973
2.405047
2.365947
2.511978
2.388000
2.356052
2.544999
2.331972
2.430081
2.406001
2.370000
2.403975
2.406001
2.368093
2.408981
2.390027
2.388000
2.395034
2.377987
2.373934
2.341032
2.347946
2.339005
2.371073
2.357960
2.406001
2.468944
2.393007
2.400041
2.426982
2.401948
2.379060
2.372980
2.336979
2.334952
2.349019
2.354980
2.380967
2.364039
2.367020
2.359986
2.396941
2.376914
2.376080
2.370000
2.365947
2.378941
2.361059
2.360940
2.357960
2.354980
2.351999
2.389073
2.416015
2.368093
2.348065
2.361059
2.339959
2.326012
2.375007
2.385974
2.381086
2.363086
2.378941
2.359986
2.376914
2.367973
2.388954
2.351999
2.380967
2.352953
2.358079
2.326965
2.328992
2.332926
2.330065
2.337933
2.340078
2.359986
2.375007
2.369046
2.363920
2.366900
2.385020
2.344012
2.327919
2.324939
2.340078
2.413034
2.341032
2.357006
2.357960
2.388000
2.363920
2.369046
2.377987
2.364993
2.364039
2.351999
2.339005
2.479076
2.339959
2.340078
2.377033
2.378941
2.402902
2.401948
2.336025
2.340913
2.346992
2.370000
2.413034
2.384067
2.370000
2.359986
2.349019
2.330065
2.333999
2.341986
2.371073
2.368927
2.370000
2.434969
2.365947
2.377033
2.446055
2.377987
2.378941
2.373934
2.344012
2.329946
2.334952
2.330065
2.333999
2.380967
2.393961
2.356052
2.352953
2.354026
2.380967
2.483964
2.351999
2.352953
2.331018
2.326012
2.331018
2.362013
2.343059
2.356887
2.371907
2.377033
2.369046
2.370954
2.357006
2.354026
2.359033
2.364993
2.328038
2.329946
2.344012
2.326965
2.333999
2.337933
2.354026
2.365947
2.362013
2.359033
2.363920
2.359986
2.387047
2.371073
2.359033
2.355933
2.348065
2.328038
2.362013
2.426028
2.407074
2.390027
2.388000
2.389908
2.388954
2.385020
2.375007
2.373934
2.380967
2.361894
2.367973
2.370000
2.390027
2.395988
2.404928
2.434969
2.413988
2.369046
2.359033
2.384067
2.338052
2.344012
2.369046
2.383947
2.377033
2.380013
2.393961
2.402902
2.356052
2.336025
2.337098
2.347946
2.333999
2.360940
2.363086
2.391934
26.394010
2.447009
2.424002
2.438903
2.385020
2.395988
2.424002
2.429008
2.962947
2.439022
2.525091
2.437949
2.444983
2.460957
2.530932
2.429008
2.449036
2.487898
2.444983
2.484918
2.462983
2.492070
2.465010
2.521992
2.531052
2.478004
2.452970
2.406001
2.458930
2.465963
2.458930
2.439022
2.442956
2.388000
2.423048
2.427936
3.615975
3.393054
3.334045
3.314018
3.393054
3.435016
3.911972
3.728986
3.809929
2.451062
2.440929
2.407074
2.439022
2.432108
2.436996
2.503037
2.424002
2.426028
2.436042
2.431989
2.424955
2.465010
2.537966
3.577948
3.705025
3.890038
3.965020
2.469063
2.480984
2.409935
2.522945
2.466917
2.448082
2.455950
2.411962
2.383947
2.436996
2.388000
2.432942
2.439022
2.416968
2.419949
2.411008
2.427936
2.407074
2.418041
2.437949
2.418995
2.390981
2.385020
2.385974
2.392054
2.400994
2.434015
2.456903
2.424002
2.447009
2.416015
2.454996
2.446055
2.441049
2.452970
2.397060
2.411008
2.395988
2.426982
2.439976
2.427936
2.426028
2.426982
2.390981
2.405047
2.403975
2.866983
2.745986
2.403975
2.403021
2.424002
2.433896
2.494931
2.442956
2.431989
2.416015
2.400994
2.388954
2.385974
2.416968
2.435088
2.417088
2.428055
2.447009
2.384901
2.385020
2.386928
2.532959
2.442956
2.429008
2.411962
2.384901
2.411008
2.385020
2.400994
2.429962
2.421975
2.423048
2.496004
2.400041
2.385020
2.390027
2.390981
2.416015
2.414942
2.421021
2.408028
2.402067
2.382994
2.401948
2.418041
2.423048
2.433062
2.436996
2.406955
2.416015
2.383947
2.429962
2.398014
2.412915
2.554059
2.416968
2.423048
2.402067
2.402902
2.388000
2.393961
2.403975
2.488971
2.429008
2.424002
2.415061
2.395034
2.395034
2.415061
2.431035
2.428055
2.423048
2.418041
2.468944
2.422929
2.389908
2.382040
2.430081
2.431989
2.424002
2.469063
2.424955
2.416968
2.500057
2.455950
2.418995
2.385974
2.400041
2.433062
2.421021
2.430081
2.410054
2.408981
2.390981
2.387047
2.398014
2.436042
2.416968
2.418995
2.431035
2.429008
2.413988
2.426028
2.410054
2.470016
2.430081
2.424002
2.419949
2.385974
2.390981
2.411008
2.483964
2.473950
2.485991
2.454042
2.699018
2.425075
2.425075
2.501011
2.463102
2.458930
2.460003
2.408981
2.388954
2.429008
2.442002
2.429008
2.406955
2.396941
2.390027
2.451897
2.429008
2.408028
2.388000
2.380967
2.448916
2.421975
2.424002
2.415061
2.442002
2.401948
2.387047
2.406001
2.400994
2.400041
2.428055
2.438068
2.433896
2.385974
2.428055
2.458930
2.413988
2.412915
2.468109
4.806042
2.435088
2.492070
2.434969
2.427936
2.423048
2.437949
2.429008
2.416015
2.470016
2.635002
2.398014
2.400041
2.426982
2.428055
2.439022
2.424002
2.421021
2.426982
2.388954
2.392054
2.414942
2.425909
2.424002
2.429008
2.408981
2.398014
2.396941
2.381921
4.850984
4.840970
4.838943
4.848003
4.901052
4.832029
4.410982
2.474070
2.431989
26.373982
2.414942
2.441049
2.400041
2.462983
2.434969
2.425075
2.417922
2.426028
2.431989
2.599001
2.442956
2.458096
2.422929
2.406001
2.398014
2.557039
2.424955
2.416968
2.572060
2.454996
2.432108
2.484918
2.429008
2.413988
2.470970
2.439976
2.413988
2.415061
2.411008
2.413988
2.442002
2.458930
2.426982
2.443910
2.483010
2.457023
2.388954
2.398014
2.390027
2.426028
2.544999
2.424002
2.429962
2.424955
2.425075
2.411962
2.433896
2.393961
2.408028
2.448916
2.426982
2.426982
2.442002
2.418995
2.394080
2.391100
2.426982
2.485991
2.448916
2.424002
2.449989
2.437949
2.420902
2.388000
2.429008
2.418995
2.451897
2.422094
2.426982
2.518892
2.451062
2.410054
2.403975
2.413034
2.418995
2.416968
2.430916
2.424955
2.435923
2.439022
2.534986
2.406955
2.392054
2.395988
2.421021
2.416968
2.449989
2.426982
4.794955
2.753019
2.429962
2.429008
2.416968
2.421021
2.419949
2.390981
2.388000
2.381086
2.447009
2.418995
2.428055
2.412915
2.484918
2.421975
2.427936
2.439976
2.414942
2.393007
2.388000
2.408981
2.388000
2.737045
2.426028
2.421975
2.488017
2.424955
2.436042
2.498031
2.425075
2.382040
2.390027
2.388000
2.389073
2.434015
2.433062
2.467036
2.420068
2.418995
2.416968
2.453923
2.416015
2.425075
2.390027
2.403021
2.393007
2.386928
2.423048
2.382994
2.406955
2.444029
2.428055
2.472997
2.435088
2.390981
2.388000
2.904058
2.417922
2.415061
2.431989
2.419949
2.414107
2.406001
2.392888
2.384067
2.403021
2.385974
2.416015
2.413034
2.420068
2.474904
2.457976
2.393961
2.390981
2.388000
2.385974
2.413034
2.460003
2.410054
2.418041
2.408028
2.411008
2.432942
2.430916
2.414107
2.422929
2.396107
2.390981
2.387047
2.392054
2.388954
2.414942
2.404094
2.470970
2.421021
2.470016
2.421975
2.416968
2.423048
2.398968
2.408981
2.406001
2.385974
2.431035
2.417922
2.415061
2.413034
2.427936
2.427101
2.411008
2.411008
2.389073
2.425075
2.415895
2.411962
2.875924
2.416968
2.410054
2.412081
2.399921
2.416015
2.407074
2.422929
2.477050
2.424002
2.431035
2.416968
2.439976
2.385974
2.404928
2.459049
2.424002
2.416015
2.459049
2.393961
2.408981
2.434015
2.432942
2.480030
3.073931
2.393007
2.409935
2.386928
2.756000
2.864003
2.792001
2.419949
2.415061
2.418041
2.488971
2.417922
2.562046
2.452970
2.406001
2.411008
2.650976
2.437949
2.785921
2.529979
2.776027
2.513051
2.439022
2.403021
2.393961
2.418995
2.390981
2.428055
2.426982
2.429962
2.460957
2.452016
2.475977
2.457976
2.452970
2.454042
2.446055
2.425909
2.431989
2.429008
2.421975
2.434015
2.449036
2.444029
2.498984
2.404928
2.429962
2.400994
2.390027
2.406001
2.439022
2.418995
2.431035
2.437949
2.423048
2.426028
2.403021
2.415895
2.390027
2.397895
2.395988
2.449036
2.439976
2.421021
2.393007
2.479911
2.411008
2.448916
2.429008
2.434969
2.449036
2.447009
32.786012
3.375053
3.185034
3.157973
3.211975
3.203034
28.437972
2.436996
26.465058
2.480984
26.648998
2.442002
26.526093
2.454996
26.525974
2.430081
26.442051
2.477050
26.566029
2.449036
27.003050
2.493024
26.371002
2.478004
31.279922
2.426028
26.758075
2.508044
26.319981
25.823951
48.963070
26.179075
26.280999
25.819063
0.021100
26.383996
26.144028
47.437072
26.134968
26.377082
27.068019
52.644968
51.755071
0.025034
0.048995
0.038981
0.044942
0.504017
0.492930
0.260949
0.275016
0.259042
4.786968
4.773974
4.740000
51.733017
51.853061
50.140023
26.310086
0.033021
0.036001
0.031948
0.032902
3.023982
3.001928
3.015995
360.975981
317.422986
316.802979
32562.668085
32711.019039
